
Logistic Regression Models by Ethnicity
==========================================================================
                                               Dependent variable:        
                                       -----------------------------------
                                        Hispanic      Asian       Black   
                                        Hispanic      Asian       Black   
                                           (1)         (2)         (3)    
--------------------------------------------------------------------------
simpson_index                           3.586***    6.365***    5.057***  
                                         (0.914)     (1.151)     (0.696)  
                                                                          
log(boxofficemojo.com_openingtheaters)   -0.323       0.126       0.025   
                                         (0.364)     (0.435)     (0.299)  
                                                                          
log(imdb.com_runtime)                   3.571***      1.215       0.872   
                                         (1.168)     (1.276)     (0.829)  
                                                                          
log_MPAA                                 -0.108     -2.316**      0.234   
                                         (0.961)     (1.061)     (0.715)  
                                                                          
log(average_budget)                       0.018       0.255      -0.092   
                                         (0.202)     (0.243)     (0.149)  
                                                                          
log_sequel                              -0.731**    -0.588**     -0.076   
                                         (0.304)     (0.296)     (0.171)  
                                                                          
imdb.com_spinoff                          0.169      -0.023      -0.687   
                                         (0.358)     (0.417)     (0.467)  
                                                                          
log_remake                               -0.782       0.169      -0.247   
                                         (0.627)     (0.646)     (0.448)  
                                                                          
imdb.com_basedonbook                     -1.552*     1.231**     -0.003   
                                         (0.812)     (0.510)     (0.416)  
                                                                          
imdb.com_basedonplay                     -16.008     -14.785     -15.459  
                                       (2,178.261) (2,334.374)  (794.661) 
                                                                          
imdb.com_basedoncomicbook                 0.026      -0.984       0.281   
                                         (0.490)     (0.707)     (0.367)  
                                                                          
imdb.com_basedonnovel                    -0.261      -0.077     -0.611**  
                                         (0.370)     (0.415)     (0.293)  
                                                                          
imdb.com_basedonshortstory               -16.093      0.964      -14.807  
                                       (2,179.653)   (1.323)    (798.586) 
                                                                          
log_Nominee                               0.095       0.014       0.148   
                                         (0.175)     (0.195)     (0.128)  
                                                                          
log_Winner                               -0.223       0.028      -0.116   
                                         (0.187)     (0.203)     (0.132)  
                                                                          
log_dir_power                            -1.488       0.097      2.588**  
                                         (1.801)     (1.836)     (1.152)  
                                                                          
log_metascore                            -0.265      -0.206       0.082   
                                         (0.307)     (0.435)     (0.259)  
                                                                          
log_starpower                             0.135      -0.797      -0.395   
                                         (1.066)     (1.330)     (0.802)  
                                                                          
Action                                   -0.210      -0.381      -0.044   
                                         (0.355)     (0.416)     (0.262)  
                                                                          
Adventure                                -0.026       0.266       0.004   
                                         (0.407)     (0.424)     (0.282)  
                                                                          
Comedy                                   -0.205      -0.459      -0.051   
                                         (0.348)     (0.400)     (0.249)  
                                                                          
Fantasy                                   0.143      -0.286      -0.317   
                                         (0.410)     (0.494)     (0.323)  
                                                                          
Crime                                     0.491      -0.534       0.313   
                                         (0.334)     (0.395)     (0.247)  
                                                                          
Drama                                    -0.436      -0.087       0.033   
                                         (0.327)     (0.366)     (0.232)  
                                                                          
Mystery                                  -0.803*     -0.003     -0.700**  
                                         (0.446)     (0.448)     (0.318)  
                                                                          
Thriller                                 -0.158      -0.722*      0.146   
                                         (0.346)     (0.388)     (0.250)  
                                                                          
Romance                                  -0.288     -1.775***    -0.007   
                                         (0.374)     (0.545)     (0.270)  
                                                                          
Sci.Fi                                    0.236     -1.209***     0.129   
                                         (0.368)     (0.466)     (0.274)  
                                                                          
Biography                                -0.185      -0.883       0.043   
                                         (0.503)     (0.631)     (0.399)  
                                                                          
Sport                                     0.001      -0.545      1.034**  
                                         (0.649)     (0.665)     (0.408)  
                                                                          
War                                      -0.554      -1.511       0.242   
                                         (0.781)     (1.007)     (0.519)  
                                                                          
Family                                    0.075     -1.482**      0.134   
                                         (0.611)     (0.705)     (0.450)  
                                                                          
Musical                                  -0.340       0.384      1.363**  
                                         (1.130)     (1.234)     (0.659)  
                                                                          
History                                  1.517**      0.576      -0.127   
                                         (0.629)     (0.797)     (0.579)  
                                                                          
Horror                                    0.294      -0.238       0.172   
                                         (0.471)     (0.547)     (0.340)  
                                                                          
Music                                    1.126**     -0.891       0.330   
                                         (0.510)     (0.744)     (0.438)  
                                                                          
Documentary                              -17.819     -17.185     -15.122  
                                       (2,608.212) (2,688.593) (1,028.506)
                                                                          
Western                                  -15.645     -15.890      0.616   
                                       (1,915.432) (1,785.651)   (0.942)  
                                                                          
Spring                                   -0.451       0.200       0.289   
                                         (0.346)     (0.386)     (0.263)  
                                                                          
Summer                                   -0.516       0.243       0.153   
                                         (0.350)     (0.380)     (0.265)  
                                                                          
Fall                                     -0.019      -0.688       0.253   
                                         (0.330)     (0.428)     (0.265)  
                                                                          
`2001`                                    1.262      15.532      -0.235   
                                         (1.169)    (987.768)    (0.631)  
                                                                          
`2002`                                    0.507      16.153       0.343   
                                         (1.278)    (987.768)    (0.614)  
                                                                          
`2003`                                   -15.067     15.367      -0.294   
                                        (884.477)   (987.768)    (0.646)  
                                                                          
`2004`                                    0.113      15.606      -0.772   
                                         (1.276)    (987.768)    (0.679)  
                                                                          
`2005`                                    1.037      14.568      -0.706   
                                         (1.223)    (987.768)    (0.719)  
                                                                          
`2006`                                    1.397      16.193       0.119   
                                         (1.143)    (987.768)    (0.610)  
                                                                          
`2007`                                    0.265      16.007      -0.053   
                                         (1.280)    (987.768)    (0.631)  
                                                                          
`2008`                                    0.746      14.070      -0.299   
                                         (1.208)    (987.768)    (0.626)  
                                                                          
`2009`                                    1.500      15.383      -0.317   
                                         (1.131)    (987.768)    (0.626)  
                                                                          
`2010`                                    1.047       0.008      -0.652   
                                         (1.166)   (1,233.547)   (0.651)  
                                                                          
`2011`                                    1.366      15.088      -0.848   
                                         (1.129)    (987.768)    (0.641)  
                                                                          
`2012`                                   -0.721      15.956      -0.569   
                                         (1.459)    (987.768)    (0.629)  
                                                                          
`2013`                                    0.979      15.391      -0.573   
                                         (1.147)    (987.768)    (0.608)  
                                                                          
`2014`                                    1.724      14.689      -0.450   
                                         (1.090)    (987.768)    (0.584)  
                                                                          
`2015`                                    1.504      15.499      -0.523   
                                         (1.108)    (987.768)    (0.609)  
                                                                          
`2016`                                    0.791      16.273      -0.178   
                                         (1.228)    (987.768)    (0.694)  
                                                                          
`2017`                                    0.387      15.039      -0.368   
                                         (1.235)    (987.768)    (0.650)  
                                                                          
`2018`                                   1.975*      16.043      -0.069   
                                         (1.082)    (987.768)    (0.561)  
                                                                          
`2019`                                    1.444      15.407       0.382   
                                         (1.128)    (987.768)    (0.585)  
                                                                          
Constant                               -17.671***    -26.517     -7.239*  
                                         (5.498)    (987.788)    (4.050)  
                                                                          
--------------------------------------------------------------------------
Observations                              1,177       1,177       1,177   
Log Likelihood                          -279.681    -226.870    -462.352  
Akaike Inf. Crit.                        681.361     575.741    1,046.704 
==========================================================================
Note:                                          *p<0.1; **p<0.05; ***p<0.01
