
Logistic Regression Models by Ethnicity
==========================================================================
                                               Dependent variable:        
                                       -----------------------------------
                                        Hispanic      Asian       Black   
                                        Hispanic      Asian       Black   
                                           (1)         (2)         (3)    
--------------------------------------------------------------------------
simpson_index                           3.456***    6.384***    5.052***  
                                         (0.919)     (1.152)     (0.697)  
                                                                          
log(boxofficemojo.com_openingtheaters)   -0.343       0.148      -0.051   
                                         (0.366)     (0.436)     (0.295)  
                                                                          
log(imdb.com_runtime)                   3.234***      1.342       0.939   
                                         (1.195)     (1.276)     (0.832)  
                                                                          
log_MPAA                                 -0.412     -2.332**      0.340   
                                         (0.968)     (1.061)     (0.717)  
                                                                          
log(average_budget)                       0.053       0.290      -0.139   
                                         (0.215)     (0.254)     (0.154)  
                                                                          
log_sequel                              -0.781**    -0.585**     -0.077   
                                         (0.308)     (0.296)     (0.172)  
                                                                          
imdb.com_spinoff                          0.109      -0.021      -0.661   
                                         (0.374)     (0.411)     (0.451)  
                                                                          
log_remake                               -0.107       0.016      -0.022   
                                         (0.099)     (0.105)     (0.071)  
                                                                          
imdb.com_basedonbook                     -1.566*     1.222**     -0.020   
                                         (0.813)     (0.510)     (0.418)  
                                                                          
imdb.com_basedonplay                     -16.096     -14.758     -15.134  
                                       (2,192.689) (2,341.181)  (818.887) 
                                                                          
imdb.com_basedoncomicbook                 0.101      -0.983       0.309   
                                         (0.494)     (0.705)     (0.365)  
                                                                          
imdb.com_basedonnovel                    -0.280      -0.092     -0.612**  
                                         (0.369)     (0.416)     (0.295)  
                                                                          
imdb.com_basedonshortstory               -16.215      0.946      -14.729  
                                       (2,174.048)   (1.329)    (792.120) 
                                                                          
log_Nominee                              -0.020       0.030       0.141   
                                         (0.179)     (0.197)     (0.131)  
                                                                          
log_Winner                               -0.321*      0.051      -0.104   
                                         (0.190)     (0.204)     (0.132)  
                                                                          
log_dir_power                             0.173      -0.018     0.332***  
                                         (0.163)     (0.189)     (0.120)  
                                                                          
log_metascore                             0.725      -0.321      -0.165   
                                         (0.493)     (0.508)     (0.318)  
                                                                          
log_starpower                            -0.096      -0.152      -0.046   
                                         (0.139)     (0.162)     (0.098)  
                                                                          
Action                                   -0.251      -0.395      -0.007   
                                         (0.360)     (0.419)     (0.263)  
                                                                          
Adventure                                -0.110       0.269       0.009   
                                         (0.413)     (0.423)     (0.283)  
                                                                          
Comedy                                   -0.256      -0.439      -0.067   
                                         (0.352)     (0.399)     (0.250)  
                                                                          
Fantasy                                   0.129      -0.292      -0.328   
                                         (0.421)     (0.493)     (0.321)  
                                                                          
Crime                                     0.408      -0.517       0.332   
                                         (0.339)     (0.396)     (0.248)  
                                                                          
Drama                                    -0.489      -0.102       0.074   
                                         (0.332)     (0.369)     (0.233)  
                                                                          
Mystery                                  -0.822*      0.010     -0.684**  
                                         (0.457)     (0.448)     (0.319)  
                                                                          
Thriller                                 -0.203      -0.692*      0.116   
                                         (0.351)     (0.389)     (0.250)  
                                                                          
Romance                                  -0.269     -1.790***    -0.011   
                                         (0.377)     (0.546)     (0.271)  
                                                                          
Sci.Fi                                    0.262     -1.223***     0.124   
                                         (0.369)     (0.465)     (0.274)  
                                                                          
Biography                                -0.154      -0.919       0.010   
                                         (0.505)     (0.631)     (0.400)  
                                                                          
Sport                                    -0.237      -0.506     1.083***  
                                         (0.663)     (0.670)     (0.413)  
                                                                          
War                                      -0.526      -1.574       0.221   
                                         (0.780)     (1.008)     (0.522)  
                                                                          
Family                                   -0.123     -1.502**      0.207   
                                         (0.623)     (0.707)     (0.449)  
                                                                          
Musical                                  -0.284       0.359      1.334**  
                                         (1.131)     (1.235)     (0.661)  
                                                                          
History                                  1.461**      0.587      -0.112   
                                         (0.625)     (0.794)     (0.579)  
                                                                          
Horror                                    0.239      -0.270       0.164   
                                         (0.489)     (0.551)     (0.343)  
                                                                          
Music                                     0.859      -0.895       0.408   
                                         (0.524)     (0.752)     (0.444)  
                                                                          
Documentary                              -16.837     -17.387     -15.175  
                                       (2,839.149) (2,617.218) (1,041.604)
                                                                          
Western                                  -15.794     -15.856      0.617   
                                       (1,891.778) (1,790.991)   (0.929)  
                                                                          
Spring                                   -0.444       0.214       0.325   
                                         (0.347)     (0.388)     (0.264)  
                                                                          
Summer                                   -0.558       0.251       0.167   
                                         (0.354)     (0.381)     (0.267)  
                                                                          
Fall                                     -0.076      -0.683       0.291   
                                         (0.334)     (0.429)     (0.266)  
                                                                          
`2001`                                    1.206      15.594      -0.233   
                                         (1.172)    (983.131)    (0.633)  
                                                                          
`2002`                                    0.454      16.188       0.380   
                                         (1.281)    (983.131)    (0.615)  
                                                                          
`2003`                                   -15.114     15.392      -0.260   
                                        (887.505)   (983.131)    (0.648)  
                                                                          
`2004`                                    0.086      15.610      -0.762   
                                         (1.278)    (983.131)    (0.679)  
                                                                          
`2005`                                    0.916      14.618      -0.715   
                                         (1.226)    (983.132)    (0.721)  
                                                                          
`2006`                                    1.273      16.237       0.184   
                                         (1.147)    (983.131)    (0.611)  
                                                                          
`2007`                                    0.146      16.096       0.024   
                                         (1.283)    (983.131)    (0.633)  
                                                                          
`2008`                                    0.547      14.117      -0.176   
                                         (1.211)    (983.132)    (0.620)  
                                                                          
`2009`                                    1.167      15.453      -0.246   
                                         (1.154)    (983.131)    (0.629)  
                                                                          
`2010`                                    0.923       0.048      -0.603   
                                         (1.169)   (1,229.591)   (0.651)  
                                                                          
`2011`                                    1.267      15.117      -0.779   
                                         (1.131)    (983.131)    (0.642)  
                                                                          
`2012`                                   -0.736      16.016      -0.463   
                                         (1.459)    (983.131)    (0.630)  
                                                                          
`2013`                                    0.949      15.433      -0.496   
                                         (1.146)    (983.131)    (0.609)  
                                                                          
`2014`                                    1.640      14.726      -0.412   
                                         (1.093)    (983.131)    (0.586)  
                                                                          
`2015`                                    1.520      15.568      -0.480   
                                         (1.110)    (983.131)    (0.610)  
                                                                          
`2016`                                    0.729      16.327      -0.103   
                                         (1.231)    (983.131)    (0.696)  
                                                                          
`2017`                                    0.070      15.119      -0.247   
                                         (1.297)    (983.131)    (0.653)  
                                                                          
`2018`                                   1.883*      16.073      -0.008   
                                         (1.087)    (983.131)    (0.562)  
                                                                          
`2019`                                    1.349      15.440       0.449   
                                         (1.134)    (983.131)    (0.585)  
                                                                          
Constant                               -19.333***    -27.394     -5.565   
                                         (5.969)    (983.153)    (4.218)  
                                                                          
--------------------------------------------------------------------------
Observations                              1,174       1,174       1,174   
Log Likelihood                          -274.834    -226.387    -460.143  
Akaike Inf. Crit.                        671.668     574.775    1,042.286 
==========================================================================
Note:                                          *p<0.1; **p<0.05; ***p<0.01
